23.759083 171.302551 16.112160 14.473094 0.567357 car
32.165318 166.707031 17.268427 14.587170 0.287334 car
163.768417 154.548706 16.081802 13.045753 0.464397 car
203.040070 161.293228 19.196772 24.019211 0.393284 car
233.459030 171.460892 17.366573 20.549673 0.475431 car
307.542511 166.670715 22.047308 24.862133 0.415076 car
332.573486 175.227692 21.650917 20.065498 0.557009 car
336.257751 183.481491 20.330992 17.189072 0.304448 car
219.973785 227.400574 28.587250 35.389534 0.688479 car
370.215088 269.365326 38.003418 56.244606 0.710479 car
22.583385 296.256470 44.047134 54.918652 0.747944 car
464.816620 305.428192 64.435265 58.789867 0.707048 car
133.319565 317.586426 70.046837 67.721512 0.739048 car
